100
2V
2
35 28 63 3 -1
38 28 63 3 1
4821.000000 -1
1.971929
4
4
12 80 10 11 -1
12 90 10 11 1
23 80 10 11 1
23 90 10 11 -1
-2847.000000 1
1.356670
3V
3
3 6 83 11 -1
14 6 83 11 1
25 6 83 11 -1
-88662.500000 -1
1.106533
2H
2
32 1 11 3 -1
32 12 11 3 1
-851.500000 1
1.075392
2H
2
29 57 3 7 -1
29 60 3 7 1
122.000000 1
1.014755
2H
2
31 75 11 8 -1
31 86 11 8 1
685.500000 -1
0.949341
C
5
31 30 18 1 -1
31 31 6 1 -1
37 31 6 1 1
43 31 6 1 -1
31 32 18 1 -1
-813.000000 -1
1.081583
3H
3
40 37 2 1 -1
40 39 2 1 1
40 41 2 1 -1
-250.500000 1
1.146902
4
4
25 22 5 5 -1
25 27 5 5 1
30 22 5 5 1
30 27 5 5 -1
680.000000 -1
1.090071
2V
2
22 18 68 3 -1
25 18 68 3 1
-5556.500000 1
1.140553
2H
2
27 46 9 4 -1
27 55 9 4 1
-265.500000 -1
1.171190
2V
2
31 32 33 5 -1
36 32 33 5 1
5355.000000 -1
0.905161
C
5
22 33 54 4 -1
22 37 18 4 -1
40 37 18 4 1
58 37 18 4 -1
22 41 54 4 -1
-83334.500000 1
1.132970
2H
2
23 43 13 15 -1
23 56 13 15 1
2391.000000 1
0.920455
2V
2
16 9 91 6 -1
22 9 91 6 1
-17754.500000 1
0.993377
2H
2
31 45 26 8 -1
31 71 26 8 1
10.000000 -1
0.958222
4
4
27 17 13 2 -1
27 30 13 2 1
29 17 13 2 1
29 30 13 2 -1
279.000000 -1
0.950949
4
4
28 33 24 3 -1
28 57 24 3 1
31 33 24 3 1
31 57 24 3 -1
-1354.500000 1
0.901965
3H
3
39 3 18 2 -1
39 21 18 2 1
39 39 18 2 -1
-4612.500000 1
1.081719
2H
2
15 4 17 26 -1
15 21 17 26 1
-1820.500000 1
0.762790
4
4
19 80 9 9 -1
19 89 9 9 1
28 80 9 9 1
28 89 9 9 -1
-2474.500000 1
0.891090
4
4
23 36 10 4 -1
23 46 10 4 1
27 36 10 4 1
27 46 10 4 -1
316.500000 1
0.984166
4
4
13 48 21 4 -1
13 69 21 4 1
17 48 21 4 1
17 69 21 4 -1
-2722.000000 1
0.887834
2H
2
22 38 13 4 -1
22 51 13 4 1
-991.500000 -1
0.842641
4
4
21 2 6 3 -1
21 8 6 3 1
24 2 6 3 1
24 8 6 3 -1
605.500000 -1
1.150899
2V
2
32 32 6 4 -1
36 32 6 4 1
765.500000 -1
0.902294
3V
3
33 64 20 2 -1
35 64 20 2 1
37 64 20 2 -1
-5363.500000 -1
1.016765
C
5
22 9 78 2 -1
22 11 26 2 -1
48 11 26 2 1
74 11 26 2 -1
22 13 78 2 -1
-71001.500000 1
0.883090
4
4
24 37 4 7 -1
24 41 4 7 1
31 37 4 7 1
31 41 4 7 -1
362.500000 1
0.995933
2V
2
35 51 33 2 -1
37 51 33 2 1
3063.000000 -1
0.925520
3H
3
26 27 15 10 -1
26 42 15 10 1
26 57 15 10 -1
-19588.000000 -1
0.844546
4
4
27 27 5 2 -1
27 32 5 2 1
29 27 5 2 1
29 32 5 2 -1
335.500000 -1
0.874858
3H
3
40 52 4 1 -1
40 56 4 1 1
40 60 4 1 -1
-411.500000 1
0.984546
4
4
28 46 16 4 -1
28 62 16 4 1
32 46 16 4 1
32 62 16 4 -1
-1906.500000 1
0.832837
2H
2
25 62 3 14 -1
25 65 3 14 1
275.500000 1
0.782101
2H
2
20 66 6 16 -1
20 72 6 16 1
1624.000000 -1
0.992303
C
5
23 27 60 1 -1
23 28 20 1 -1
43 28 20 1 1
63 28 20 1 -1
23 29 60 1 -1
-25230.000000 1
0.783314
2H
2
22 36 16 4 -1
22 52 16 4 1
-531.000000 -1
0.863789
3H
3
40 23 4 1 -1
40 27 4 1 1
40 31 4 1 -1
-650.000000 1
0.794415
2V
2
35 19 26 1 -1
36 19 26 1 1
-248.000000 1
0.785698
2H
2
22 41 4 6 -1
22 45 4 6 1
222.000000 1
0.884174
2H
2
23 87 6 12 -1
23 93 6 12 1
2395.500000 -1
0.931930
4
4
25 33 16 3 -1
25 49 16 3 1
28 33 16 3 1
28 49 16 3 -1
345.500000 1
0.844751
2H
2
29 24 4 10 -1
29 28 4 10 1
-431.500000 1
1.059333
4
4
24 84 6 2 -1
24 90 6 2 1
26 84 6 2 1
26 90 6 2 -1
1.500000 1
0.824893
2H
2
33 82 6 8 -1
33 88 6 8 1
-231.500000 -1
0.818461
2H
2
25 2 6 9 -1
25 8 6 9 1
-818.500000 1
1.115445
4
4
18 46 17 5 -1
18 63 17 5 1
23 46 17 5 1
23 63 17 5 -1
3642.000000 -1
1.070661
2H
2
23 29 11 6 -1
23 40 11 6 1
-719.000000 -1
0.940796
4
4
19 5 10 6 -1
19 15 10 6 1
25 5 10 6 1
25 15 10 6 -1
2347.000000 -1
0.992547
4
4
37 61 3 2 -1
37 64 3 2 1
39 61 3 2 1
39 64 3 2 -1
14.500000 1
0.902139
2H
2
31 2 12 7 -1
31 14 12 7 1
-2052.500000 1
0.883916
2V
2
34 29 3 3 -1
37 29 3 3 1
423.000000 -1
0.795938
3H
3
6 26 17 16 -1
6 43 17 16 1
6 60 17 16 -1
-32772.500000 1
0.908660
2V
2
36 46 33 1 -1
37 46 33 1 1
-165.000000 1
0.864060
3H
3
1 69 7 3 -1
1 76 7 3 1
1 83 7 3 -1
-3737.500000 -1
0.911639
2H
2
31 67 5 2 -1
31 72 5 2 1
410.000000 -1
0.839272
2H
2
32 97 2 4 -1
32 99 2 4 1
-40.500000 -1
0.934023
2V
2
35 76 13 3 -1
38 76 13 3 1
1668.500000 -1
0.805229
4
4
24 57 18 7 -1
24 75 18 7 1
31 57 18 7 1
31 75 18 7 -1
-617.500000 1
0.785659
3H
3
9 1 23 18 -1
9 24 23 18 1
9 47 23 18 -1
-42087.000000 1
0.804109
C
5
23 13 66 2 -1
23 15 22 2 -1
45 15 22 2 1
67 15 22 2 -1
23 17 66 2 -1
-23133.500000 -1
0.900291
3V
3
11 6 89 8 -1
19 6 89 8 1
27 6 89 8 -1
-79347.500000 -1
0.964774
2H
2
32 87 3 9 -1
32 90 3 9 1
53.500000 -1
1.017820
3V
3
1 50 50 10 -1
11 50 50 10 1
21 50 50 10 -1
-59779.500000 -1
0.830039
2V
2
14 12 23 5 -1
19 12 23 5 1
1046.000000 -1
0.812420
4
4
20 37 2 10 -1
20 39 2 10 1
30 37 2 10 1
30 39 2 10 -1
131.500000 1
1.009026
2V
2
34 37 45 1 -1
35 37 45 1 1
806.500000 -1
1.002398
4
4
22 21 2 8 -1
22 23 2 8 1
30 21 2 8 1
30 23 2 8 -1
-190.500000 1
0.846123
2H
2
25 26 9 1 -1
25 35 9 1 1
-212.500000 -1
0.998849
3V
3
6 67 13 7 -1
13 67 13 7 1
20 67 13 7 -1
-9424.000000 -1
0.930559
2V
2
23 73 11 3 -1
26 73 11 3 1
-1035.000000 1
0.833196
4
4
21 49 1 6 -1
21 50 1 6 1
27 49 1 6 1
27 50 1 6 -1
-56.500000 -1
0.973983
3V
3
17 21 69 4 -1
21 21 69 4 1
25 21 69 4 -1
-29770.000000 -1
0.901495
3H
3
17 27 17 6 -1
17 44 17 6 1
17 61 17 6 -1
-16386.500000 1
0.795688
3H
3
40 24 6 1 -1
40 30 6 1 1
40 36 6 1 -1
-603.000000 1
0.991394
4
4
18 70 5 9 -1
18 75 5 9 1
27 70 5 9 1
27 75 5 9 -1
-1405.000000 1
1.025129
2H
2
30 7 7 10 -1
30 14 7 10 1
-615.000000 1
0.773546
C
5
32 37 18 1 -1
32 38 6 1 -1
38 38 6 1 1
44 38 6 1 -1
32 39 18 1 -1
-1356.500000 -1
0.847333
3V
3
26 100 1 2 -1
28 100 1 2 1
30 100 1 2 -1
-203.500000 1
0.993113
4
4
28 25 8 4 -1
28 33 8 4 1
32 25 8 4 1
32 33 8 4 -1
975.500000 -1
0.897259
2H
2
19 39 6 22 -1
19 45 6 22 1
1006.000000 1
1.011109
2V
2
35 20 80 3 -1
38 20 80 3 1
9595.000000 -1
0.905980
2V
2
13 68 7 13 -1
26 68 7 13 1
-1025.500000 1
0.797866
2V
2
24 19 14 4 -1
28 19 14 4 1
978.000000 -1
0.946492
3H
3
9 92 3 5 -1
9 95 3 5 1
9 98 3 5 -1
-2228.000000 -1
0.817023
4
4
26 72 9 6 -1
26 81 9 6 1
32 72 9 6 1
32 81 9 6 -1
-1285.500000 1
0.873474
3H
3
29 96 1 11 -1
29 97 1 11 1
29 98 1 11 -1
-1380.500000 1
0.803069
2V
2
23 18 58 6 -1
29 18 58 6 1
-8693.500000 1
0.956774
2V
2
16 6 34 5 -1
21 6 34 5 1
-4495.000000 1
0.793710
2V
2
37 5 7 1 -1
38 5 7 1 1
-25.500000 -1
0.823591
4
4
6 3 4 16 -1
6 7 4 16 1
22 3 4 16 1
22 7 4 16 -1
24.000000 -1
0.814814
2V
2
6 73 13 10 -1
16 73 13 10 1
4260.500000 -1
0.955362
C
5
27 55 33 3 -1
27 58 11 3 -1
38 58 11 3 1
49 58 11 3 -1
27 61 33 3 -1
-18188.000000 -1
0.871722
3H
3
22 6 27 10 -1
22 33 27 10 1
22 60 27 10 -1
-39938.500000 -1
0.878661
4
4
20 81 5 7 -1
20 86 5 7 1
27 81 5 7 1
27 86 5 7 -1
-355.500000 1
0.924942
2V
2
2 7 77 13 -1
15 7 77 13 1
26660.500000 -1
0.811548
4
4
30 60 2 2 -1
30 62 2 2 1
32 60 2 2 1
32 62 2 2 -1
-46.500000 -1
0.875864
2V
2
33 27 29 1 -1
34 27 29 1 1
-245.500000 1
0.924756
2H
2
28 1 10 6 -1
28 11 10 6 1
-1876.000000 1
1.118894
46.949445
40 100