25
2V
2
15 12 28 1 -1
16 12 28 1 1
730.500000 -1
1.769244
2V
2
13 6 28 2 -1
15 6 28 2 1
1929.000000 -1
1.440908
2H
2
12 31 5 5 -1
12 36 5 5 1
193.000000 -1
1.330725
2V
2
9 7 16 2 -1
11 7 16 2 1
-779.500000 1
1.352203
4
4
8 1 4 2 -1
8 5 4 2 1
10 1 4 2 1
10 5 4 2 -1
349.500000 -1
1.074299
3V
3
9 30 11 2 -1
11 30 11 2 1
13 30 11 2 -1
-2429.500000 1
1.118969
2H
2
11 2 2 1 -1
11 4 2 1 1
-76.000000 1
1.025605
2H
2
12 2 4 4 -1
12 6 4 4 1
-124.000000 1
1.061698
2V
2
9 20 16 2 -1
11 20 16 2 1
-897.500000 1
0.994841
2H
2
9 20 1 8 -1
9 21 1 8 1
30.500000 1
1.013037
2H
2
13 10 2 4 -1
13 12 2 4 1
-106.500000 1
1.069301
2H
2
11 15 5 2 -1
11 20 5 2 1
-89.000000 -1
0.905140
4
4
12 14 13 1 -1
12 27 13 1 1
13 14 13 1 1
13 27 13 1 -1
-383.500000 1
1.035384
2H
2
10 17 3 3 -1
10 20 3 3 1
87.500000 1
0.897925
4
4
7 11 3 3 -1
7 14 3 3 1
10 11 3 3 1
10 14 3 3 -1
-90.500000 1
0.976087
4
4
5 35 3 5 -1
5 38 3 5 1
10 35 3 5 1
10 38 3 5 -1
-326.000000 1
1.058235
3H
3
16 9 2 1 -1
16 11 2 1 1
16 13 2 1 -1
-262.500000 1
0.807250
2V
2
2 31 2 4 -1
6 31 2 4 1
214.000000 -1
1.039542
3V
3
12 27 3 1 -1
13 27 3 1 1
14 27 3 1 -1
-369.500000 -1
0.950092
2V
2
14 21 18 1 -1
15 21 18 1 1
654.000000 -1
0.866084
2H
2
9 13 4 7 -1
9 17 4 7 1
-296.500000 -1
1.043234
4
4
7 2 4 4 -1
7 6 4 4 1
11 2 4 4 1
11 6 4 4 -1
872.500000 -1
1.069300
2H
2
11 20 1 6 -1
11 21 1 6 1
-15.500000 -1
1.015415
3H
3
13 8 2 1 -1
13 10 2 1 1
13 12 2 1 -1
-24.500000 -1
0.944201
3H
3
5 2 3 6 -1
5 5 3 6 1
5 8 3 6 -1
-1980.500000 1
1.073966
13.466343
16 40